precision	recall	threshold	method
3.40719063545	100.0	0.0	fathmm_noncoding
3.40719063545	100.0	0.01	fathmm_noncoding
3.40742805379	100.0	0.02	fathmm_noncoding
3.40766550523	100.0	0.03	fathmm_noncoding
3.40932859234	100.0	0.04	fathmm_noncoding
3.40615620856	99.7955010225	0.05	fathmm_noncoding
3.40559440559	99.591002045	0.06	fathmm_noncoding
3.41299320205	99.591002045	0.07	fathmm_noncoding
3.42330943343	99.591002045	0.08	fathmm_noncoding
3.43538374718	99.591002045	0.09	fathmm_noncoding
3.44118064425	99.18200409	0.1	fathmm_noncoding
3.42934550121	98.36400818	0.11	fathmm_noncoding
3.45297918162	98.36400818	0.12	fathmm_noncoding
3.45550495193	97.7505112474	0.13	fathmm_noncoding
3.46656976744	97.5460122699	0.14	fathmm_noncoding
3.46089119778	96.7280163599	0.15	fathmm_noncoding
3.45005528935	95.7055214724	0.16	fathmm_noncoding
3.45493721673	95.0920245399	0.17	fathmm_noncoding
3.4505988024	94.2740286299	0.18	fathmm_noncoding
3.46620450607	94.0695296524	0.19	fathmm_noncoding
3.47469842956	93.6605316973	0.2	fathmm_noncoding
3.46617804245	92.8425357873	0.21	fathmm_noncoding
3.47104899401	92.4335378323	0.22	fathmm_noncoding
3.47066553297	91.8200408998	0.23	fathmm_noncoding
3.45229764404	90.7975460123	0.24	fathmm_noncoding
3.45528455285	90.3885480573	0.25	fathmm_noncoding
3.47238589049	90.3885480573	0.26	fathmm_noncoding
3.4823120657	90.1840490798	0.27	fathmm_noncoding
3.48957094139	89.9795501022	0.28	fathmm_noncoding
3.48420968897	89.5705521472	0.29	fathmm_noncoding
3.49561053472	89.5705521472	0.3	fathmm_noncoding
3.48446010894	88.9570552147	0.31	fathmm_noncoding
3.48398490808	88.7525562372	0.32	fathmm_noncoding
3.49464530155	88.7525562372	0.33	fathmm_noncoding
3.50537113319	88.7525562372	0.34	fathmm_noncoding
3.50635679002	88.5480572597	0.35	fathmm_noncoding
3.50677814758	88.3435582822	0.36	fathmm_noncoding
3.49963375926	87.9345603272	0.37	fathmm_noncoding
3.50533952882	87.9345603272	0.38	fathmm_noncoding
3.51192420778	87.9345603272	0.39	fathmm_noncoding
3.51063829787	87.7300613497	0.4	fathmm_noncoding
3.51495288816	87.7300613497	0.41	fathmm_noncoding
3.5051715646	87.3210633947	0.42	fathmm_noncoding
3.5080512652	87.3210633947	0.43	fathmm_noncoding
3.50675008232	87.1165644172	0.44	fathmm_noncoding
3.51166433105	87.1165644172	0.45	fathmm_noncoding
3.50978610951	86.9120654397	0.46	fathmm_noncoding
3.50819129571	86.7075664622	0.47	fathmm_noncoding
3.51196885613	86.7075664622	0.48	fathmm_noncoding
3.51779639924	86.7075664622	0.49	fathmm_noncoding
3.50411027153	86.2985685072	0.5	fathmm_noncoding
3.50643955131	86.2985685072	0.51	fathmm_noncoding
3.51052325098	86.2985685072	0.52	fathmm_noncoding
3.51637363553	86.2985685072	0.53	fathmm_noncoding
3.52048052056	86.2985685072	0.54	fathmm_noncoding
3.52577491854	86.2985685072	0.55	fathmm_noncoding
3.53197187814	86.2985685072	0.56	fathmm_noncoding
3.52024138798	85.8895705521	0.57	fathmm_noncoding
3.50936109479	85.4805725971	0.58	fathmm_noncoding
3.50655903128	85.2760736196	0.59	fathmm_noncoding
3.50345292235	85.0715746421	0.6	fathmm_noncoding
3.50033738192	84.8670756646	0.61	fathmm_noncoding
3.49780331193	84.6625766871	0.62	fathmm_noncoding
3.50164932758	84.6625766871	0.63	fathmm_noncoding
3.50669151279	84.6625766871	0.64	fathmm_noncoding
3.50996184824	84.6625766871	0.65	fathmm_noncoding
3.5165208528	84.6625766871	0.66	fathmm_noncoding
3.51369746469	84.4580777096	0.67	fathmm_noncoding
3.51968638146	84.4580777096	0.68	fathmm_noncoding
3.51745923333	84.2535787321	0.69	fathmm_noncoding
3.52407835087	84.2535787321	0.7	fathmm_noncoding
3.53102502571	84.2535787321	0.71	fathmm_noncoding
3.53557023942	84.2535787321	0.72	fathmm_noncoding
3.54317165463	84.2535787321	0.73	fathmm_noncoding
3.55141798121	84.2535787321	0.74	fathmm_noncoding
3.54952932032	84.0490797546	0.75	fathmm_noncoding
3.54763346889	83.8445807771	0.76	fathmm_noncoding
3.54665279223	83.6400817996	0.77	fathmm_noncoding
3.55497609735	83.6400817996	0.78	fathmm_noncoding
3.5580361036	83.4355828221	0.79	fathmm_noncoding
3.56456403984	83.4355828221	0.8	fathmm_noncoding
3.54013319313	82.6175869121	0.81	fathmm_noncoding
3.55539910235	82.6175869121	0.82	fathmm_noncoding
3.55280600972	82.2085889571	0.83	fathmm_noncoding
3.56604275703	82.2085889571	0.84	fathmm_noncoding
3.57620618924	82.0040899796	0.85	fathmm_noncoding
3.55859094177	80.981595092	0.86	fathmm_noncoding
3.556523317	80.163599182	0.87	fathmm_noncoding
3.53512226394	78.936605317	0.88	fathmm_noncoding
3.54958294717	78.3231083845	0.89	fathmm_noncoding
3.57952398942	77.5051124744	0.9	fathmm_noncoding
3.6170212766	76.4826175869	0.91	fathmm_noncoding
3.63328688035	74.6421267894	0.92	fathmm_noncoding
3.58804673767	70.9611451943	0.93	fathmm_noncoding
3.61014744146	68.0981595092	0.94	fathmm_noncoding
3.52112676056	62.3721881391	0.95	fathmm_noncoding
3.4668031214	55.4192229039	0.96	fathmm_noncoding
3.44557556774	44.9897750511	0.97	fathmm_noncoding
3.5595105673	32.7198364008	0.98	fathmm_noncoding
3.49682107175	15.7464212679	0.99	fathmm_noncoding
	0.0	1.0	fathmm_noncoding
3.40719063545	100.0	0.0	fathmm_coding
3.44753594164	98.5685071575	0.01	fathmm_coding
3.44041755495	95.7055214724	0.02	fathmm_coding
3.46694743175	94.2740286299	0.03	fathmm_coding
3.4847208394	93.0470347648	0.04	fathmm_coding
3.47670529673	91.4110429448	0.05	fathmm_coding
3.4870906801	90.5930470348	0.06	fathmm_coding
3.48596043395	89.3660531697	0.07	fathmm_coding
3.50197692246	88.7525562372	0.08	fathmm_coding
3.51492415593	88.1390593047	0.09	fathmm_coding
3.52263374486	87.5255623722	0.1	fathmm_coding
3.53703088675	87.1165644172	0.11	fathmm_coding
3.54574343536	86.7075664622	0.12	fathmm_coding
3.55308579608	86.2985685072	0.13	fathmm_coding
3.57445366763	86.2985685072	0.14	fathmm_coding
3.59485475765	86.2985685072	0.15	fathmm_coding
3.57479639949	85.2760736196	0.16	fathmm_coding
3.57327363527	84.8670756646	0.17	fathmm_coding
3.58131487889	84.6625766871	0.18	fathmm_coding
3.58541467235	84.2535787321	0.19	fathmm_coding
3.57705090082	83.6400817996	0.2	fathmm_coding
3.56515630488	83.0265848671	0.21	fathmm_coding
3.57111365841	82.8220858896	0.22	fathmm_coding
3.55752212389	82.2085889571	0.23	fathmm_coding
3.5653952165	82.0040899796	0.24	fathmm_coding
3.5739814153	81.799591002	0.25	fathmm_coding
3.58329591379	81.5950920245	0.26	fathmm_coding
3.58946608947	81.390593047	0.27	fathmm_coding
3.58435916003	80.981595092	0.28	fathmm_coding
3.59090909091	80.7770961145	0.29	fathmm_coding
3.59784494567	80.572597137	0.3	fathmm_coding
3.60838904662	80.572597137	0.31	fathmm_coding
3.60592401803	80.163599182	0.32	fathmm_coding
3.59021688971	79.5501022495	0.33	fathmm_coding
3.59093012494	79.345603272	0.34	fathmm_coding
3.59231411863	79.1411042945	0.35	fathmm_coding
3.58740216176	78.7321063395	0.36	fathmm_coding
3.60351928117	78.7321063395	0.37	fathmm_coding
3.60563380282	78.527607362	0.38	fathmm_coding
3.61854504335	78.527607362	0.39	fathmm_coding
3.60522331567	77.9141104294	0.4	fathmm_coding
3.60197681049	77.5051124744	0.41	fathmm_coding
3.58710169815	76.8916155419	0.42	fathmm_coding
3.59298649037	76.6871165644	0.43	fathmm_coding
3.5910272456	76.2781186094	0.44	fathmm_coding
3.60046457607	76.0736196319	0.45	fathmm_coding
3.60054347826	75.8691206544	0.46	fathmm_coding
3.60905189231	75.6646216769	0.47	fathmm_coding
3.61764705882	75.4601226994	0.48	fathmm_coding
3.61327163533	75.0511247444	0.49	fathmm_coding
3.62017804154	74.8466257669	0.5	fathmm_coding
3.62354809888	74.6421267894	0.51	fathmm_coding
3.60063834032	73.8241308793	0.52	fathmm_coding
3.60721442886	73.6196319018	0.53	fathmm_coding
3.61348766985	73.4151329243	0.54	fathmm_coding
3.62128262189	73.2106339468	0.55	fathmm_coding
3.63932093118	73.2106339468	0.56	fathmm_coding
3.62614913177	72.5971370143	0.57	fathmm_coding
3.64626129827	72.5971370143	0.58	fathmm_coding
3.6459409213	72.1881390593	0.59	fathmm_coding
3.63485304808	71.5746421268	0.6	fathmm_coding
3.64452798663	71.3701431493	0.61	fathmm_coding
3.64380972383	70.9611451943	0.62	fathmm_coding
3.61075815332	69.7341513292	0.63	fathmm_coding
3.5976583289	69.1206543967	0.64	fathmm_coding
3.59820089955	68.7116564417	0.65	fathmm_coding
3.59300820026	68.0981595092	0.66	fathmm_coding
3.59007832898	67.4846625767	0.67	fathmm_coding
3.57927097058	66.6666666667	0.68	fathmm_coding
3.60110803324	66.4621676892	0.69	fathmm_coding
3.6312849162	66.4621676892	0.7	fathmm_coding
3.62980498253	65.8486707566	0.71	fathmm_coding
3.63077623492	65.2351738241	0.72	fathmm_coding
3.6223551058	64.4171779141	0.73	fathmm_coding
3.62790697674	63.8036809816	0.74	fathmm_coding
3.60593919397	62.5766871166	0.75	fathmm_coding
3.65416766181	62.5766871166	0.76	fathmm_coding
3.62336403296	61.145194274	0.77	fathmm_coding
3.63166317863	60.327198364	0.78	fathmm_coding
3.63135487102	59.3047034765	0.79	fathmm_coding
3.61553150859	58.0777096115	0.8	fathmm_coding
3.59040829553	56.6462167689	0.81	fathmm_coding
3.63997352747	56.2372188139	0.82	fathmm_coding
3.67109184503	55.4192229039	0.83	fathmm_coding
3.63888888889	53.5787321063	0.84	fathmm_coding
3.64516588353	52.3517382413	0.85	fathmm_coding
3.6624670378	51.1247443763	0.86	fathmm_coding
3.69476700347	50.1022494888	0.87	fathmm_coding
3.69389027431	48.4662576687	0.88	fathmm_coding
3.65282042993	46.2167689162	0.89	fathmm_coding
3.70433017591	44.7852760736	0.9	fathmm_coding
3.65983026874	42.3312883436	0.91	fathmm_coding
3.68715083799	40.490797546	0.92	fathmm_coding
3.75670840787	38.6503067485	0.93	fathmm_coding
3.74919198449	35.5828220859	0.94	fathmm_coding
3.7380952381	32.1063394683	0.95	fathmm_coding
3.76184032476	28.4253578732	0.96	fathmm_coding
3.54586857515	22.2903885481	0.97	fathmm_coding
3.37275514674	15.7464212679	0.98	fathmm_coding
3.40807174888	7.77096114519	0.99	fathmm_coding
	0.0	1.0	fathmm_coding
3.40695325019	100.0	-3.648336	cadd
3.40766550523	100.0	-3.148336	cadd
3.40956630874	100.0	-2.648336	cadd
3.41575859179	100.0	-2.148336	cadd
3.41131969739	99.591002045	-1.648336	cadd
3.42808774776	99.3865030675	-1.148336	cadd
3.470529184	98.9775051125	-0.648336	cadd
3.52583135392	97.1370143149	-0.148336	cadd
3.56349206349	91.8200408998	0.351664	cadd
3.61862527716	83.4355828221	0.851664	cadd
3.57690342361	71.5746421268	1.351664	cadd
3.6006743738	61.145194274	1.851664	cadd
3.47251511317	50.5112474438	2.351664	cadd
3.42151116743	44.1717791411	2.851664	cadd
3.56575463372	41.308793456	3.351664	cadd
3.54315122724	36.6053169734	3.851664	cadd
3.6489814193	33.3333333333	4.351664	cadd
3.6811440678	28.4253578732	4.851664	cadd
3.91096979332	25.1533742331	5.351664	cadd
4.12244897959	20.654396728	5.851664	cadd
4.66507177033	15.9509202454	6.351664	cadd
5.52813425469	11.4519427403	6.851664	cadd
7.24907063197	7.9754601227	7.351664	cadd
13.0801687764	6.33946830266	7.851664	cadd
28.8659793814	5.72597137014	8.351664	cadd
35.0	5.72597137014	8.851664	cadd
35.0649350649	5.52147239264	9.351664	cadd
34.6666666667	5.31697341513	9.851664	cadd
35.1351351351	5.31697341513	10.351664	cadd
36.1111111111	5.31697341513	10.851664	cadd
32.2580645161	4.0899795501	11.351664	cadd
30.3571428571	3.47648261759	11.851664	cadd
33.3333333333	3.47648261759	12.351664	cadd
34.8837209302	3.06748466258	12.851664	cadd
37.1428571429	2.65848670757	13.351664	cadd
37.5	1.84049079755	13.851664	cadd
21.4285714286	0.613496932515	14.351664	cadd
12.5	0.204498977505	14.851664	cadd
33.3333333333	0.204498977505	15.351664	cadd
0.0	0.0	15.851664	cadd
	0.0	16.351664	cadd
2.92134831461	2.66393442623	0.0	fitcons
2.92134831461	2.66393442623	0.01	fitcons
2.92134831461	2.66393442623	0.02	fitcons
2.92134831461	2.66393442623	0.03	fitcons
2.99145299145	2.86885245902	0.04	fitcons
2.72904483431	2.86885245902	0.05	fitcons
2.83578808529	26.4344262295	0.06	fitcons
3.28358208955	54.0983606557	0.07	fitcons
3.20408163265	64.3442622951	0.08	fitcons
3.33609043286	74.3852459016	0.09	fitcons
3.43408900084	83.8114754098	0.1	fitcons
3.49013657056	89.5491803279	0.11	fitcons
3.47379079368	91.393442623	0.12	fitcons
3.46607101594	92.2131147541	0.13	fitcons
3.465003465	92.2131147541	0.14	fitcons
3.46949765367	92.4180327869	0.15	fitcons
3.4561684596	92.8278688525	0.16	fitcons
3.4734230509	94.6721311475	0.17	fitcons
3.4734230509	94.6721311475	0.18	fitcons
3.47055288462	94.6721311475	0.19	fitcons
3.46612649111	94.6721311475	0.2	fitcons
3.46612649111	94.6721311475	0.21	fitcons
3.46612649111	94.6721311475	0.22	fitcons
3.47695766205	95.0819672131	0.23	fitcons
3.47741549506	95.2868852459	0.24	fitcons
3.47533632287	95.2868852459	0.25	fitcons
3.46007887492	95.2868852459	0.26	fitcons
3.45802037629	95.2868852459	0.27	fitcons
3.4569920452	95.2868852459	0.28	fitcons
3.46567717996	95.6967213115	0.29	fitcons
3.44980424023	95.6967213115	0.3	fitcons
3.44980424023	95.6967213115	0.31	fitcons
3.44980424023	95.6967213115	0.32	fitcons
3.43786808009	95.6967213115	0.33	fitcons
3.43786808009	95.6967213115	0.34	fitcons
3.43786808009	95.6967213115	0.35	fitcons
3.43786808009	95.6967213115	0.36	fitcons
3.43685604946	95.6967213115	0.37	fitcons
3.43685604946	95.6967213115	0.38	fitcons
3.43685604946	95.6967213115	0.39	fitcons
3.43685604946	95.6967213115	0.4	fitcons
3.43660313489	95.6967213115	0.41	fitcons
3.43660313489	95.6967213115	0.42	fitcons
3.43609741741	95.6967213115	0.43	fitcons
3.43609741741	95.6967213115	0.44	fitcons
3.43559184875	95.6967213115	0.45	fitcons
3.43559184875	95.6967213115	0.46	fitcons
3.43559184875	95.6967213115	0.47	fitcons
3.43559184875	95.6967213115	0.48	fitcons
3.42852947654	95.6967213115	0.49	fitcons
3.42827778593	95.6967213115	0.5	fitcons
3.42827778593	95.6967213115	0.51	fitcons
3.43511450382	95.9016393443	0.52	fitcons
3.43511450382	95.9016393443	0.53	fitcons
3.43511450382	95.9016393443	0.54	fitcons
3.4429712109	96.3114754098	0.55	fitcons
3.44070278184	96.3114754098	0.56	fitcons
3.43718004973	96.3114754098	0.57	fitcons
3.43718004973	96.3114754098	0.58	fitcons
3.43692870201	96.3114754098	0.59	fitcons
3.4387092064	96.5163934426	0.6	fitcons
3.4387092064	96.5163934426	0.61	fitcons
3.43319483927	96.5163934426	0.62	fitcons
3.43219412665	96.5163934426	0.63	fitcons
3.43119399723	96.5163934426	0.64	fitcons
3.42694994179	96.5163934426	0.65	fitcons
3.43500363108	96.9262295082	0.66	fitcons
3.43226180974	96.9262295082	0.67	fitcons
3.41911233194	96.9262295082	0.68	fitcons
3.41911233194	96.9262295082	0.69	fitcons
3.41368360277	96.9262295082	0.7	fitcons
3.43894624422	98.9754098361	0.71	fitcons
3.44483985765	99.1803278689	0.72	fitcons
3.44190015645	99.1803278689	0.73	fitcons
3.43971631206	99.3852459016	0.74	fitcons
3.45560118963	100.0	0.75	fitcons
3.45560118963	100.0	0.76	fitcons
3.45388916413	100.0	0.77	fitcons
3.45388916413	100.0	0.78	fitcons
3.45388916413	100.0	0.79	fitcons
3.45388916413	100.0	0.8	fitcons
3.45388916413	100.0	0.81	fitcons
3.45388916413	100.0	0.82	fitcons
3.45388916413	100.0	0.83	fitcons
3.45315595811	100.0	0.84	fitcons
3.45315595811	100.0	0.85	fitcons
3.45315595811	100.0	0.86	fitcons
3.45315595811	100.0	0.87	fitcons
3.45315595811	100.0	0.88	fitcons
3.45315595811	100.0	0.89	fitcons
3.45315595811	100.0	0.9	fitcons
3.45315595811	100.0	0.91	fitcons
3.45315595811	100.0	0.92	fitcons
3.45315595811	100.0	0.93	fitcons
3.45315595811	100.0	0.94	fitcons
3.45315595811	100.0	0.95	fitcons
3.45315595811	100.0	0.96	fitcons
3.45315595811	100.0	0.97	fitcons
3.45315595811	100.0	0.98	fitcons
3.45315595811	100.0	0.99	fitcons
3.45315595811	100.0	1.0	fitcons
3.40695325019	100.0	0.0	dann
3.40695325019	100.0	0.01	dann
3.40695325019	100.0	0.02	dann
3.40695325019	100.0	0.03	dann
3.40695325019	100.0	0.04	dann
3.40695325019	100.0	0.05	dann
3.40695325019	100.0	0.06	dann
3.40719063545	100.0	0.07	dann
3.40719063545	100.0	0.08	dann
3.40766550523	100.0	0.09	dann
3.40932859234	100.0	0.1	dann
3.40980405829	100.0	0.11	dann
3.41027965688	100.0	0.12	dann
3.41051750593	100.0	0.13	dann
3.41218337869	100.0	0.14	dann
3.41265964129	100.0	0.15	dann
3.41456602193	100.0	0.16	dann
3.41647453364	100.0	0.17	dann
3.41886317556	100.0	0.18	dann
3.42005874948	100.0	0.19	dann
3.42317115856	100.0	0.2	dann
3.42532922387	100.0	0.21	dann
3.42749001192	100.0	0.22	dann
3.43013468013	100.0	0.23	dann
3.43181977683	100.0	0.24	dann
3.43398876404	100.0	0.25	dann
3.43712659029	100.0	0.26	dann
3.44002813929	100.0	0.27	dann
3.43686175083	99.7955010225	0.28	dann
3.44098152588	99.7955010225	0.29	dann
3.44413861246	99.7955010225	0.3	dann
3.44998232591	99.7955010225	0.31	dann
3.45462268158	99.7955010225	0.32	dann
3.45390070922	99.591002045	0.33	dann
3.4602813699	99.591002045	0.34	dann
3.45981348331	99.3865030675	0.35	dann
3.46697103724	99.3865030675	0.36	dann
3.46899363422	99.18200409	0.37	dann
3.47227204247	98.9775051125	0.38	dann
3.48276606462	98.9775051125	0.39	dann
3.49004903375	98.9775051125	0.4	dann
3.4742327736	98.1595092025	0.41	dann
3.48558565101	98.1595092025	0.42	dann
3.49344978166	98.1595092025	0.43	dann
3.50595281572	98.1595092025	0.44	dann
3.51301796846	97.9550102249	0.45	dann
3.51806874218	97.7505112474	0.46	dann
3.51784790481	97.3415132924	0.47	dann
3.52452326185	97.1370143149	0.48	dann
3.53599403208	96.9325153374	0.49	dann
3.5363752154	96.5235173824	0.5	dann
3.54561878952	96.3190184049	0.51	dann
3.56143667297	96.3190184049	0.52	dann
3.55731225296	95.7055214724	0.53	dann
3.56296352932	95.2965235174	0.54	dann
3.56511717249	94.8875255624	0.55	dann
3.54434298096	93.6605316973	0.56	dann
3.53051204115	92.6380368098	0.57	dann
3.54983114741	92.4335378323	0.58	dann
3.57171141205	92.2290388548	0.59	dann
3.56116256787	91.2065439673	0.6	dann
3.58697404482	91.0020449898	0.61	dann
3.5888671875	90.1840490798	0.62	dann
3.61633927838	89.9795501022	0.63	dann
3.5975407112	88.5480572597	0.64	dann
3.59004540104	87.3210633947	0.65	dann
3.57629427793	85.8895705521	0.66	dann
3.57635298173	84.8670756646	0.67	dann
3.57767669699	83.6400817996	0.68	dann
3.59737728159	83.0265848671	0.69	dann
3.6214953271	82.4130879346	0.7	dann
3.64232380259	81.799591002	0.71	dann
3.60543588795	79.754601227	0.72	dann
3.62033389608	78.936605317	0.73	dann
3.61089939024	77.5051124744	0.74	dann
3.58800773694	75.8691206544	0.75	dann
3.53520433284	73.4151329243	0.76	dann
3.57751277683	73.0061349693	0.77	dann
3.58233258701	71.9836400818	0.78	dann
3.56000412754	70.5521472393	0.79	dann
3.50840336134	68.3026584867	0.8	dann
3.51774864087	67.4846625767	0.81	dann
3.52127889393	66.6666666667	0.82	dann
3.52490421456	65.8486707566	0.83	dann
3.46397246586	63.8036809816	0.84	dann
3.4735536258	62.9856850716	0.85	dann
3.48253025805	62.3721881391	0.86	dann
3.48823733921	61.554192229	0.87	dann
3.47866964391	60.5316973415	0.88	dann
3.42938794951	58.8957055215	0.89	dann
3.3687515093	57.0552147239	0.9	dann
3.32189262074	55.4192229039	0.91	dann
3.31960564083	54.3967280164	0.92	dann
3.32107998479	53.5787321063	0.93	dann
3.25988918954	51.7382413088	0.94	dann
3.221547399	49.8977505112	0.95	dann
3.26558265583	49.2842535787	0.96	dann
3.26898689587	47.4437627812	0.97	dann
3.35489694599	45.6032719836	0.98	dann
3.48816827344	40.6952965235	0.99	dann
	0.0	1.0	dann
3.91459074733	4.49897750511	0.0	linsight
3.91459074733	4.49897750511	0.01	linsight
3.91459074733	4.49897750511	0.02	linsight
3.91459074733	4.49897750511	0.03	linsight
3.91459074733	4.49897750511	0.04	linsight
3.3055967172	59.3047034765	0.05	linsight
3.38527174921	74.6421267894	0.06	linsight
3.31737346101	79.345603272	0.07	linsight
3.37793194582	83.6400817996	0.08	linsight
3.34697808813	85.2760736196	0.09	linsight
3.37625628141	87.9345603272	0.1	linsight
3.37827367116	89.1615541922	0.11	linsight
3.3951563458	90.5930470348	0.12	linsight
3.37786549264	91.0020449898	0.13	linsight
3.36748530963	91.4110429448	0.14	linsight
3.37549584612	92.2290388548	0.15	linsight
3.37571566659	92.8425357873	0.16	linsight
3.38707291821	93.6605316973	0.17	linsight
3.37285514397	93.6605316973	0.18	linsight
3.37986774431	94.0695296524	0.19	linsight
3.38274141473	94.2740286299	0.2	linsight
3.38585562477	94.4785276074	0.21	linsight
3.38114754098	94.4785276074	0.22	linsight
3.37324766355	94.4785276074	0.23	linsight
3.3710324699	94.4785276074	0.24	linsight
3.36538461538	94.4785276074	0.25	linsight
3.3655593516	94.6830265849	0.26	linsight
3.3616496043	94.6830265849	0.27	linsight
3.37372125082	95.0920245399	0.28	linsight
3.36956521739	95.0920245399	0.29	linsight
3.36663770634	95.0920245399	0.3	linsight
3.3598265896	95.0920245399	0.31	linsight
3.35497835498	95.0920245399	0.32	linsight
3.35855855856	95.2965235174	0.33	linsight
3.35662320824	95.2965235174	0.34	linsight
3.36164699107	95.5010224949	0.35	linsight
3.37361530715	95.9100204499	0.36	linsight
3.37022132797	95.9100204499	0.37	linsight
3.36852689794	95.9100204499	0.38	linsight
3.37328644226	96.1145194274	0.39	linsight
3.38496844521	96.5235173824	0.4	linsight
3.39784946237	96.9325153374	0.41	linsight
3.39541547278	96.9325153374	0.42	linsight
3.39274210865	96.9325153374	0.43	linsight
3.40243030736	97.3415132924	0.44	linsight
3.40145776761	97.3415132924	0.45	linsight
3.4	97.3415132924	0.46	linsight
3.39733066876	97.3415132924	0.47	linsight
3.39539196804	97.3415132924	0.48	linsight
3.39369741908	97.3415132924	0.49	linsight
3.40601396608	97.7505112474	0.5	linsight
3.4040734938	97.7505112474	0.51	linsight
3.40358872116	97.7505112474	0.52	linsight
3.40165101053	97.7505112474	0.53	linsight
3.39899025812	97.7505112474	0.54	linsight
3.39633366491	97.7505112474	0.55	linsight
3.39609236234	97.7505112474	0.56	linsight
3.39464526667	97.7505112474	0.57	linsight
3.39957416608	97.9550102249	0.58	linsight
3.39885049315	97.9550102249	0.59	linsight
3.39764505604	97.9550102249	0.6	linsight
3.39571813413	97.9550102249	0.61	linsight
3.40087856029	98.1595092025	0.62	linsight
3.40651558074	98.36400818	0.63	linsight
3.40530973451	98.36400818	0.64	linsight
3.40314136126	98.36400818	0.65	linsight
3.4026598755	98.36400818	0.66	linsight
3.40097574772	98.36400818	0.67	linsight
3.40684195646	98.5685071575	0.68	linsight
3.40660117323	98.5685071575	0.69	linsight
3.40563838056	98.5685071575	0.7	linsight
3.40443565475	98.5685071575	0.71	linsight
3.40443565475	98.5685071575	0.72	linsight
3.40419521153	98.5685071575	0.73	linsight
3.40419521153	98.5685071575	0.74	linsight
3.40323377815	98.5685071575	0.75	linsight
3.4022728877	98.5685071575	0.76	linsight
3.4010725374	98.5685071575	0.77	linsight
3.40083256897	98.5685071575	0.78	linsight
3.40083256897	98.5685071575	0.79	linsight
3.40035273369	98.5685071575	0.8	linsight
3.40011286682	98.5685071575	0.81	linsight
3.39987303379	98.5685071575	0.82	linsight
3.39915373766	98.5685071575	0.83	linsight
3.39867437597	98.5685071575	0.84	linsight
3.39675828048	98.5685071575	0.85	linsight
3.39436619718	98.5685071575	0.86	linsight
3.39901477833	98.773006135	0.87	linsight
3.39781920507	98.773006135	0.88	linsight
3.40925066779	99.18200409	0.89	linsight
3.41340075853	99.3865030675	0.9	linsight
3.41196293176	99.3865030675	0.91	linsight
3.4100477126	99.3865030675	0.92	linsight
3.40741779429	99.3865030675	0.93	linsight
3.40479192938	99.3865030675	0.94	linsight
3.40359969186	99.3865030675	0.95	linsight
3.40750069969	99.591002045	0.96	linsight
3.40901152637	99.7955010225	0.97	linsight
3.40956630874	100.0	0.98	linsight
3.40695325019	100.0	0.99	linsight
3.40695325019	100.0	1.0	linsight
	0.0	-1.0	spanr
	0.0	-0.99	spanr
	0.0	-0.98	spanr
	0.0	-0.97	spanr
	0.0	-0.96	spanr
	0.0	-0.95	spanr
	0.0	-0.94	spanr
	0.0	-0.93	spanr
	0.0	-0.92	spanr
	0.0	-0.91	spanr
	0.0	-0.9	spanr
	0.0	-0.89	spanr
	0.0	-0.88	spanr
	0.0	-0.87	spanr
	0.0	-0.86	spanr
100.0	0.205338809035	-0.85	spanr
100.0	0.205338809035	-0.84	spanr
100.0	0.205338809035	-0.83	spanr
66.6666666667	0.41067761807	-0.82	spanr
75.0	0.616016427105	-0.81	spanr
50.0	0.616016427105	-0.8	spanr
50.0	0.616016427105	-0.79	spanr
54.5454545455	1.23203285421	-0.78	spanr
54.5454545455	1.23203285421	-0.77	spanr
58.3333333333	1.43737166324	-0.76	spanr
50.0	1.43737166324	-0.75	spanr
50.0	1.43737166324	-0.74	spanr
50.0	1.64271047228	-0.73	spanr
52.9411764706	1.84804928131	-0.72	spanr
57.8947368421	2.25872689938	-0.71	spanr
48.0	2.46406570842	-0.7	spanr
48.0	2.46406570842	-0.69	spanr
46.1538461538	2.46406570842	-0.68	spanr
46.1538461538	2.46406570842	-0.67	spanr
46.1538461538	2.46406570842	-0.66	spanr
48.275862069	2.87474332649	-0.65	spanr
50.0	3.08008213552	-0.64	spanr
53.125	3.49075975359	-0.63	spanr
51.5151515152	3.49075975359	-0.62	spanr
51.5151515152	3.49075975359	-0.61	spanr
50.0	3.49075975359	-0.6	spanr
50.0	3.49075975359	-0.59	spanr
47.2222222222	3.49075975359	-0.58	spanr
45.9459459459	3.49075975359	-0.57	spanr
48.7179487179	3.90143737166	-0.56	spanr
47.5	3.90143737166	-0.55	spanr
47.5	3.90143737166	-0.54	spanr
48.7804878049	4.1067761807	-0.53	spanr
47.619047619	4.1067761807	-0.52	spanr
46.511627907	4.1067761807	-0.51	spanr
46.511627907	4.1067761807	-0.5	spanr
46.511627907	4.1067761807	-0.49	spanr
46.511627907	4.1067761807	-0.48	spanr
45.4545454545	4.1067761807	-0.47	spanr
45.4545454545	4.1067761807	-0.46	spanr
45.4545454545	4.1067761807	-0.45	spanr
47.8260869565	4.51745379877	-0.44	spanr
46.8085106383	4.51745379877	-0.43	spanr
46.8085106383	4.51745379877	-0.42	spanr
47.9166666667	4.7227926078	-0.41	spanr
47.9166666667	4.7227926078	-0.4	spanr
46.9387755102	4.7227926078	-0.39	spanr
46.1538461538	4.92813141684	-0.38	spanr
46.1538461538	4.92813141684	-0.37	spanr
46.1538461538	4.92813141684	-0.36	spanr
47.1698113208	5.13347022587	-0.35	spanr
47.1698113208	5.13347022587	-0.34	spanr
46.2962962963	5.13347022587	-0.33	spanr
45.4545454545	5.13347022587	-0.32	spanr
45.4545454545	5.13347022587	-0.31	spanr
43.8596491228	5.13347022587	-0.3	spanr
43.1034482759	5.13347022587	-0.29	spanr
41.6666666667	5.13347022587	-0.28	spanr
40.3225806452	5.13347022587	-0.27	spanr
40.3225806452	5.13347022587	-0.26	spanr
40.3225806452	5.13347022587	-0.25	spanr
39.0625	5.13347022587	-0.24	spanr
39.0625	5.13347022587	-0.23	spanr
37.8787878788	5.13347022587	-0.22	spanr
37.3134328358	5.13347022587	-0.21	spanr
36.7647058824	5.13347022587	-0.2	spanr
36.231884058	5.13347022587	-0.19	spanr
36.6197183099	5.33880903491	-0.18	spanr
36.1111111111	5.33880903491	-0.17	spanr
32.9113924051	5.33880903491	-0.16	spanr
32.1428571429	5.54414784394	-0.15	spanr
31.1111111111	5.74948665298	-0.14	spanr
29.8969072165	5.95482546201	-0.13	spanr
26.3636363636	5.95482546201	-0.12	spanr
23.8805970149	6.57084188912	-0.11	spanr
22.8915662651	7.80287474333	-0.1	spanr
21.8181818182	9.85626283368	-0.09	spanr
20.1342281879	12.3203285421	-0.08	spanr
16.4677804296	14.1683778234	-0.07	spanr
14.1414141414	17.2484599589	-0.06	spanr
12.4378109453	20.5338809035	-0.05	spanr
10.3209019948	24.4353182752	-0.04	spanr
9.19471153846	31.4168377823	-0.03	spanr
7.83464566929	40.8624229979	-0.02	spanr
6.95630949475	58.5215605749	-0.01	spanr
	0.0	-1.0	hal
0.0	0.0	-0.99	hal
0.0	0.0	-0.98	hal
0.0	0.0	-0.97	hal
0.0	0.0	-0.96	hal
0.0	0.0	-0.95	hal
1.0752688172	0.204498977505	-0.94	hal
0.892857142857	0.204498977505	-0.93	hal
0.763358778626	0.204498977505	-0.92	hal
0.666666666667	0.204498977505	-0.91	hal
0.632911392405	0.204498977505	-0.9	hal
1.72413793103	0.613496932515	-0.89	hal
1.63043478261	0.613496932515	-0.88	hal
1.5625	0.613496932515	-0.87	hal
1.48514851485	0.613496932515	-0.86	hal
1.88679245283	0.81799591002	-0.85	hal
1.84331797235	0.81799591002	-0.84	hal
1.80995475113	0.81799591002	-0.83	hal
1.73913043478	0.81799591002	-0.82	hal
1.68776371308	0.81799591002	-0.81	hal
2.78884462151	1.43149284254	-0.8	hal
3.1007751938	1.63599182004	-0.79	hal
3.00751879699	1.63599182004	-0.78	hal
3.63636363636	2.04498977505	-0.77	hal
4.16666666667	2.45398773006	-0.76	hal
4.05405405405	2.45398773006	-0.75	hal
3.93442622951	2.45398773006	-0.74	hal
3.85852090032	2.45398773006	-0.73	hal
3.76175548589	2.45398773006	-0.72	hal
4.02476780186	2.65848670757	-0.71	hal
4.4776119403	3.06748466258	-0.7	hal
4.37317784257	3.06748466258	-0.69	hal
4.57142857143	3.27198364008	-0.68	hal
4.78873239437	3.47648261759	-0.67	hal
4.63215258856	3.47648261759	-0.66	hal
4.73684210526	3.68098159509	-0.65	hal
4.85933503836	3.8854805726	-0.64	hal
4.67980295567	3.8854805726	-0.63	hal
4.84261501211	4.0899795501	-0.62	hal
4.75059382423	4.0899795501	-0.61	hal
4.91803278689	4.29447852761	-0.6	hal
4.78359908884	4.29447852761	-0.59	hal
4.75113122172	4.29447852761	-0.58	hal
4.60526315789	4.29447852761	-0.57	hal
4.53563714903	4.29447852761	-0.56	hal
5.08474576271	4.90797546012	-0.55	hal
5.38302277433	5.31697341513	-0.54	hal
5.25252525253	5.31697341513	-0.53	hal
5.34653465347	5.52147239264	-0.52	hal
5.6530214425	5.93047034765	-0.51	hal
5.72519083969	6.13496932515	-0.5	hal
5.66037735849	6.13496932515	-0.49	hal
5.6880733945	6.33946830266	-0.48	hal
5.61594202899	6.33946830266	-0.47	hal
5.44815465729	6.33946830266	-0.46	hal
5.3726169844	6.33946830266	-0.45	hal
5.60271646859	6.74846625767	-0.44	hal
5.64784053156	6.95296523517	-0.43	hal
5.51948051948	6.95296523517	-0.42	hal
5.42264752791	6.95296523517	-0.41	hal
5.3125	6.95296523517	-0.4	hal
5.18292682927	6.95296523517	-0.39	hal
5.20059435364	7.15746421268	-0.38	hal
5.24781341108	7.36196319018	-0.37	hal
5.1649928264	7.36196319018	-0.36	hal
5.03496503497	7.36196319018	-0.35	hal
5.06155950752	7.56646216769	-0.34	hal
5.09383378016	7.77096114519	-0.33	hal
4.98034076016	7.77096114519	-0.32	hal
5.01930501931	7.9754601227	-0.31	hal
5.02512562814	8.1799591002	-0.3	hal
4.9504950495	8.1799591002	-0.29	hal
5.09090909091	8.58895705521	-0.28	hal
5.20094562648	8.99795501022	-0.27	hal
5.10440835267	8.99795501022	-0.26	hal
5.11363636364	9.20245398773	-0.25	hal
5.83058305831	10.8384458078	-0.24	hal
5.72354211663	10.8384458078	-0.23	hal
5.59071729958	10.8384458078	-0.22	hal
5.56127703399	11.0429447853	-0.21	hal
5.65656565657	11.4519427403	-0.2	hal
5.74257425743	11.8609406953	-0.19	hal
5.66762728146	12.0654396728	-0.18	hal
5.54511278195	12.0654396728	-0.17	hal
5.48947849954	12.2699386503	-0.16	hal
5.59502664298	12.8834355828	-0.15	hal
5.62283737024	13.2924335378	-0.14	hal
5.63973063973	13.7014314928	-0.13	hal
5.65573770492	14.1104294479	-0.12	hal
5.56438791733	14.3149284254	-0.11	hal
5.78257517348	15.3374233129	-0.1	hal
5.71858540256	15.5419222904	-0.09	hal
5.587808418	15.7464212679	-0.08	hal
5.60616678346	16.3599182004	-0.07	hal
5.57421087979	16.9734151329	-0.06	hal
5.51989730424	17.5869120654	-0.05	hal
5.55555555556	18.609406953	-0.04	hal
5.35405872193	19.018404908	-0.03	hal
5.24324324324	19.836400818	-0.02	hal
5.15257628814	21.063394683	-0.01	hal
